0.04152522
0.045693721
0.043853089
0.040971845
0.038063234
0.035370168
0.032937614
0.030754124
0.028793347
0.027027193
0.025429938
0.023979239
0.022656073
0.021444361
0.020330517
0.019303038
0.018352141
0.017469471
0.016647853
0.015881096
0.015163831
0.01449138
0.013859647
0.013265028
0.012704342
0.012174768
0.011673796
0.01119918
0.010748912
0.010321181
0.0099143564
0.0095269621
0.0091576582
0.0088052261
0.0084685542
0.0081466262
0.0078385108
0.0075433525
0.0072603639
0.0069888191
0.006728047
0.0064774263
0.006236381
0.0060043757
0.0057809121
0.0055655258
0.0053577829
0.0051572778
0.0049636304
0.0047764839
0.0045955033
0.0044203727
0.0042507946
0.0040864879
0.0039271862
0.0037726373
0.0036226012
0.0034768495
0.003335164
0.0031973358
0.0030631644
0.0029324565
0.0028050252
0.0026806892
0.0025592714
0.0024405983
0.0023244987
0.0022108025
0.0020993398
0.001989939
0.0018824258
0.0017766208
0.0016723378
0.0015693808
0.0014675417
0.0013665955
0.0012662967
0.0011663727
0.0010665168
0.00096637831
0.00086555023
0.00076355243
0.00065980921
0.00055361842
0.00044410834
0.00033017609
0.00021039775
8.2893514e-05
5.4880551e-05
0.00020646567
0.00037695554
0.00057396788
0.00080944854
0.0011032798
0.0014912182
0.0020447399
0.0029305745
0.0046488439
0.009700028
