0.015805249
0.015911525
0.015400298
0.014807368
0.01423747
0.013712631
0.013234343
0.012798706
0.012400751
0.012035727
0.011699449
0.011388337
0.011099356
0.010829938
0.010577905
0.0103414
0.010118832
0.0099088323
0.009710214
0.0095219444
0.0093431197
0.0091729448
0.0090107177
0.0088558151
0.0087076818
0.0085658213
0.0084297877
0.0082991796
0.0081736341
0.0080528224
0.0079364455
0.0078242309
0.0077159296
0.0076113135
0.0075101732
0.0074123159
0.007317564
0.0072257533
0.0071367317
0.0070503584
0.0069665024
0.0068850418
0.0068058632
0.0067288606
0.006653935
0.0065809935
0.0065099495
0.0064407213
0.0063732323
0.0063074105
0.006243188
0.0061805009
0.0061192888
0.0060594947
0.0060010645
0.0059439473
0.0058880948
0.005833461
0.0057800024
0.0057276777
0.0056764477
0.0056262748
0.0055771236
0.0055289602
0.0054817521
0.0054354686
0.0053900803
0.005345559
0.0053018778
0.005259011
0.005216934
0.0051756232
0.0051350561
0.005095211
0.0050560672
0.0050176046
0.0049798043
0.0049426478
0.0049061174
0.0048701961
0.0048348677
0.0048001164
0.004765927
0.0047322849
0.0046991762
0.0046665873
0.004634505
0.0046029168
0.0045718105
0.0045411743
0.004510997
0.0044812675
0.0044519752
0.00442311
0.0043946617
0.004366621
0.0043389785
0.0043117252
0.0042848523
0.0042583516
0.0042322147
0.0042064338
0.0041810012
0.0041559094
0.0041311513
0.0041067197
0.0040826079
0.0040588093
0.0040353175
0.0040121261
0.0039892293
0.003966621
0.0039442955
0.0039222473
0.003900471
0.0038789612
0.0038577129
0.0038367211
0.0038159809
0.0037954876
0.0037752366
0.0037552234
0.0037354436
0.003715893
0.0036965674
0.0036774628
0.0036585752
0.0036399008
0.0036214358
0.0036031766
0.0035851196
0.0035672613
0.0035495983
0.0035321273
0.003514845
0.0034977484
0.0034808342
0.0034640994
0.0034475412
0.0034311566
0.0034149429
0.0033988971
0.0033830167
0.0033672991
0.0033517415
0.0033363416
0.0033210969
0.0033060049
0.0032910633
0.0032762697
0.003261622
0.0032471179
0.0032327552
0.0032185318
0.0032044457
0.0031904947
0.003176677
0.0031629905
0.0031494334
0.0031360037
0.0031226997
0.0031095195
0.0030964613
0.0030835235
0.0030707044
0.0030580022
0.0030454154
0.0030329423
0.0030205814
0.0030083311
0.00299619
0.0029841565
0.0029722292
0.0029604067
0.0029486876
0.0029370704
0.0029255539
0.0029141367
0.0029028175
0.0028915951
0.0028804681
0.0028694354
0.0028584957
0.0028476479
0.0028368908
0.0028262232
0.002815644
0.0028051521
0.0027947465
0.0027844259
0.0027741895
0.0027640361
0.0027539648
0.0027439745
0.0027340642
0.002724233
0.00271448
0.0027048042
0.0026952046
0.0026856805
0.0026762308
0.0026668547
0.0026575514
0.00264832
0.0026391596
0.0026300695
0.0026210488
0.0026120968
0.0026032127
0.0025943956
0.0025856448
0.0025769597
0.0025683394
0.0025597832
0.0025512904
0.0025428603
0.0025344923
0.0025261856
0.0025179395
0.0025097535
0.0025016268
0.0024935588
0.0024855489
0.0024775965
0.0024697009
0.0024618615
0.0024540778
0.0024463491
0.0024386749
0.0024310546
0.0024234876
0.0024159735
0.0024085115
0.0024011013
0.0023937423
0.0023864338
0.0023791756
0.0023719669
0.0023648073
0.0023576964
0.0023506336
0.0023436185
0.0023366505
0.0023297292
0.0023228542
0.0023160249
0.002309241
0.002302502
0.0022958074
0.0022891569
0.0022825499
0.0022759861
0.0022694651
0.0022629864
0.0022565496
0.0022501544
0.0022438003
0.002237487
0.002231214
0.0022249811
0.0022187877
0.0022126336
0.0022065184
0.0022004416
0.0021944031
0.0021884023
0.002182439
0.0021765129
0.0021706235
0.0021647705
0.0021589537
0.0021531726
0.002147427
0.0021417166
0.002136041
0.0021303999
0.002124793
0.00211922
0.0021136806
0.0021081746
0.0021027015
0.0020972612
0.0020918533
0.0020864776
0.0020811337
0.0020758215
0.0020705406
0.0020652907
0.0020600716
0.0020548831
0.0020497248
0.0020445966
0.0020394981
0.0020344291
0.0020293894
0.0020243786
0.0020193967
0.0020144432
0.0020095181
0.002004621
0.0019997517
0.00199491
0.0019900956
0.0019853084
0.0019805482
0.0019758146
0.0019711075
0.0019664266
0.0019617718
0.0019571428
0.0019525395
0.0019479616
0.0019434089
0.0019388812
0.0019343783
0.0019299001
0.0019254462
0.0019210166
0.0019166111
0.0019122294
0.0019078713
0.0019035368
0.0018992255
0.0018949373
0.0018906721
0.0018864296
0.0018822097
0.0018780122
0.001873837
0.0018696838
0.0018655524
0.0018614429
0.0018573548
0.0018532882
0.0018492428
0.0018452185
0.0018412151
0.0018372324
0.0018332704
0.0018293288
0.0018254075
0.0018215063
0.0018176251
0.0018137638
0.0018099222
0.0018061001
0.0018022974
0.001798514
0.0017947498
0.0017910045
0.001787278
0.0017835703
0.0017798811
0.0017762104
0.001772558
0.0017689238
0.0017653076
0.0017617093
0.0017581288
0.001754566
0.0017510207
0.0017474928
0.0017439822
0.0017404888
0.0017370124
0.0017335529
0.0017301103
0.0017266843
0.0017232749
0.0017198819
0.0017165053
0.0017131449
0.0017098006
0.0017064723
0.0017031599
0.0016998633
0.0016965824
0.001693317
0.0016900671
0.0016868325
0.0016836132
0.001680409
0.0016772199
0.0016740457
0.0016708864
0.0016677418
0.0016646118
0.0016614964
0.0016583954
0.0016553088
0.0016522364
0.0016491782
0.001646134
0.0016431038
0.0016400875
0.001637085
0.0016340961
0.0016311209
0.0016281592
0.0016252109
0.001622276
0.0016193543
0.0016164457
0.0016135503
0.0016106678
0.0016077983
0.0016049416
0.0016020976
0.0015992663
0.0015964476
0.0015936413
0.0015908475
0.0015880661
0.0015852969
0.0015825399
0.0015797949
0.0015770621
0.0015743412
0.0015716321
0.0015689349
0.0015662494
0.0015635755
0.0015609133
0.0015582625
0.0015556232
0.0015529953
0.0015503786
0.0015477732
0.001545179
0.0015425958
0.0015400236
0.0015374625
0.0015349121
0.0015323727
0.0015298439
0.0015273259
0.0015248184
0.0015223216
0.0015198352
0.0015173593
0.0015148937
0.0015124384
0.0015099934
0.0015075585
0.0015051338
0.0015027191
0.0015003144
0.0014979197
0.0014955348
0.0014931597
0.0014907944
0.0014884389
0.0014860929
0.0014837566
0.0014814298
0.0014791124
0.0014768045
0.0014745059
0.0014722167
0.0014699367
0.0014676659
0.0014654042
0.0014631517
0.0014609082
0.0014586736
0.001456448
0.0014542313
0.0014520235
0.0014498244
0.001447634
0.0014454523
0.0014432793
0.0014411148
0.0014389589
0.0014368114
0.0014346724
0.0014325418
0.0014304195
0.0014283055
0.0014261998
0.0014241022
0.0014220128
0.0014199315
0.0014178583
0.0014157931
0.0014137359
0.0014116865
0.0014096451
0.0014076115
0.0014055857
0.0014035677
0.0014015573
0.0013995546
0.0013975596
0.0013955721
0.0013935922
0.0013916197
0.0013896548
0.0013876972
0.001385747
0.0013838041
0.0013818686
0.0013799402
0.0013780191
0.0013761052
0.0013741984
0.0013722987
0.0013704061
0.0013685205
0.0013666419
0.0013647702
0.0013629054
0.0013610475
0.0013591964
0.0013573521
0.0013555146
0.0013536838
0.0013518597
0.0013500423
0.0013482314
0.0013464272
0.0013446294
0.0013428383
0.0013410535
0.0013392753
0.0013375034
0.0013357379
0.0013339788
0.0013322259
0.0013304793
0.001328739
0.0013270049
0.001325277
0.0013235552
0.0013218395
0.0013201299
0.0013184264
0.0013167289
0.0013150373
0.0013133518
0.0013116721
0.0013099983
0.0013083305
0.0013066684
0.0013050121
0.0013033617
0.0013017169
0.0013000779
0.0012984446
0.0012968169
0.0012951949
0.0012935784
0.0012919675
0.0012903622
0.0012887624
0.0012871681
0.0012855792
0.0012839958
0.0012824178
0.0012808451
0.0012792778
0.0012777158
0.0012761592
0.0012746077
0.0012730616
0.0012715206
0.0012699849
0.0012684543
0.0012669288
0.0012654085
0.0012638933
0.0012623831
0.0012608779
0.0012593778
0.0012578827
0.0012563925
0.0012549073
0.001253427
0.0012519515
0.001250481
0.0012490153
0.0012475544
0.0012460983
0.001244647
0.0012432004
0.0012417585
0.0012403214
0.0012388889
0.0012374611
0.001236038
0.0012346194
0.0012332055
0.0012317961
0.0012303912
0.0012289909
0.0012275951
0.0012262037
0.0012248169
0.0012234344
0.0012220564
0.0012206828
0.0012193135
0.0012179486
0.0012165881
0.0012152318
0.0012138798
0.0012125322
0.0012111887
0.0012098495
0.0012085145
0.0012071837
0.0012058571
0.0012045346
0.0012032163
0.001201902
0.0012005919
0.0011992858
0.0011979838
0.0011966858
0.0011953919
0.0011941019
0.0011928159
0.0011915339
0.0011902558
0.0011889816
0.0011877114
0.001186445
0.0011851825
0.0011839239
0.0011826691
0.0011814181
0.0011801709
0.0011789274
0.0011776878
0.0011764519
0.0011752197
0.0011739912
0.0011727664
0.0011715453
0.0011703279
0.0011691141
0.0011679039
0.0011666973
0.0011654943
0.0011642949
0.0011630991
0.0011619068
0.001160718
0.0011595328
0.001158351
0.0011571727
0.0011559979
0.0011548265
0.0011536586
0.0011524941
0.0011513329
0.0011501752
0.0011490208
0.0011478698
0.0011467221
0.0011455777
0.0011444367
0.0011432989
0.0011421645
0.0011410333
0.0011399053
0.0011387806
0.001137659
0.0011365407
0.0011354256
0.0011343137
0.0011332049
0.0011320993
0.0011309968
0.0011298974
0.0011288011
0.001127708
0.0011266179
0.0011255308
0.0011244468
0.0011233659
0.0011222879
0.001121213
0.0011201411
0.0011190721
0.0011180062
0.0011169431
0.001115883
0.0011148259
0.0011137717
0.0011127203
0.0011116719
0.0011106263
0.0011095836
0.0011085437
0.0011075067
0.0011064725
0.0011054411
0.0011044125
0.0011033867
0.0011023637
0.0011013434
0.0011003259
0.0010993111
0.0010982991
0.0010972897
0.0010962831
0.0010952791
0.0010942779
0.0010932793
0.0010922833
0.00109129
0.0010902993
0.0010893112
0.0010883257
0.0010873428
0.0010863625
0.0010853848
0.0010844096
0.001083437
0.0010824669
0.0010814993
0.0010805342
0.0010795716
0.0010786115
0.0010776539
0.0010766988
0.0010757461
0.0010747959
0.0010738481
0.0010729027
0.0010719597
0.0010710191
0.0010700809
0.0010691451
0.0010682116
0.0010672805
0.0010663517
0.0010654253
0.0010645012
0.0010635794
0.0010626599
0.0010617426
0.0010608277
0.001059915
0.0010590046
0.0010580964
0.0010571905
0.0010562868
0.0010553853
0.001054486
0.0010535889
0.0010526939
0.0010518012
0.0010509106
0.0010500221
0.0010491358
0.0010482517
0.0010473696
0.0010464897
0.0010456118
0.001044736
0.0010438623
0.0010429907
0.0010421211
0.0010412536
0.0010403881
0.0010395247
0.0010386632
0.0010378038
0.0010369463
0.0010360909
0.0010352374
0.0010343858
0.0010335362
0.0010326886
0.0010318429
0.0010309991
0.0010301572
0.0010293172
0.0010284792
0.001027643
0.0010268086
0.0010259761
0.0010251455
0.0010243167
0.0010234897
0.0010226646
0.0010218413
0.0010210197
0.0010201999
0.001019382
0.0010185657
0.0010177513
0.0010169386
0.0010161276
0.0010153183
0.0010145107
0.0010137049
0.0010129007
0.0010120982
0.0010112974
0.0010104982
0.0010097007
0.0010089048
0.0010081106
0.0010073179
0.0010065269
0.0010057374
0.0010049496
0.0010041633
0.0010033785
0.0010025953
0.0010018137
0.0010010335
0.0010002549
0.00099947773
0.00099870208
0.00099792791
0.00099715519
0.00099638393
0.00099561411
0.00099484571
0.00099407873
0.00099331314
0.00099254895
0.00099178613
0.00099102468
0.00099026457
0.00098950581
0.00098874836
0.00098799223
0.00098723739
0.00098648383
0.00098573155
0.00098498052
0.00098423073
0.00098348217
0.00098273481
0.00098198866
0.00098124369
0.00098049988
0.00097975723
0.00097901571
0.00097827532
0.00097753602
0.00097679782
0.00097606069
0.00097532461
0.00097458957
0.00097385555
0.00097312253
0.0009723905
0.00097165944
0.00097092932
0.00097020013
0.00096947185
0.00096874446
0.00096801795
0.00096729228
0.00096656744
0.00096584341
0.00096512017
0.00096439769
0.00096367595
0.00096295493
0.00096223461
0.00096151496
0.00096079595
0.00096007756
0.00095935977
0.00095864255
0.00095792587
0.0009572097
0.00095649402
0.0009557788
0.000955064
0.00095434959
0.00095363555
0.00095292184
0.00095220843
0.00095149528
0.00095078236
0.00095006964
0.00094935706
0.0009486446
0.00094793222
0.00094721987
0.00094650752
0.00094579511
0.00094508261
0.00094436997
0.00094365714
0.00094294406
0.0009422307
0.00094151699
0.00094080288
0.00094008832
0.00093937324
0.00093865758
0.00093794129
0.00093722429
0.00093650651
0.0009357879
0.00093506836
0.00093434783
0.00093362622
0.00093290346
0.00093217945
0.00093145411
0.00093072734
0.00092999905
0.00092926913
0.00092853747
0.00092780397
0.0009270685
0.00092633095
0.00092559119
0.00092484908
0.00092410448
0.00092335725
0.00092260723
0.00092185426
0.00092109817
0.00092033878
0.0009195759
0.00091880933
0.00091803886
0.00091726427
0.00091648532
0.00091570178
0.00091491337
0.00091411983
0.00091332085
0.00091251612
0.00091170532
0.0009108881
0.00091006408
0.00090923286
0.00090839402
0.00090754711
0.00090669164
0.0009058271
0.00090495294
0.00090406855
0.0009031733
0.00090226652
0.00090134745
0.00090041531
0.00089946924
0.00089850831
0.00089753151
0.00089653776
0.00089552587
0.00089449455
0.00089344239
0.00089236786
0.00089126927
0.00089014478
0.00088899236
0.00088780976
0.00088659452
0.00088534389
0.00088405482
0.00088272393
0.00088134742
0.00087992103
0.00087844
0.00087689891
0.00087529165
0.00087361126
0.00087184979
0.00086999809
0.00086804563
0.00086598018
0.00086378749
0.00086145082
0.00085895038
0.00085626261
0.00085335926
0.00085020612
0.00084676138
0.00084297339
0.00083877758
0.00083409218
0.00082881206
0.00082279973
0.00081587186
0.00080777849
0.00079816964
0.00078653982
0.00077213078
0.00075375096
0.00072941448
0.00069554673
0.00064499848
0.00056108822
0.00039377143
0.0001071745
